1.300330e+05 
1.300470e+05 
1.300670e+05 
1.300720e+05 
1.300860e+05 
1.301040e+05 
1.301390e+05 
1.301440e+05 
1.301650e+05 
1.302190e+05 
1.302890e+05 
1.303470e+05 
1.303530e+05 
1.303910e+05 
1.304350e+05 
1.304410e+05 
1.304430e+05 
1.304440e+05 
1.304860e+05 
1.304990e+05 
1.305160e+05 
1.305250e+05 
1.305440e+05 
1.305560e+05 
1.305910e+05 
1.306010e+05 
1.306020e+05 
1.306030e+05 
1.306040e+05 
1.306060e+05 
1.306700e+05 
1.306830e+05 
1.306850e+05 
1.306860e+05 
1.307370e+05 
1.307410e+05 
1.307550e+05 
1.307860e+05 
1.308120e+05 
1.308460e+05 
1.308490e+05 
1.308570e+05 
1.308580e+05 
1.308590e+05 
1.308750e+05 
1.309000e+05 
1.309040e+05 
1.309060e+05 
1.309370e+05 
1.309760e+05 
1.309820e+05 
1.309840e+05 
1.310120e+05 
1.310780e+05 
1.310820e+05 
1.311500e+05 
1.311510e+05 
1.311600e+05 
1.311870e+05 
1.311880e+05 
1.312040e+05 
1.312070e+05 
1.312180e+05 
1.312340e+05 
1.312520e+05 
1.313390e+05 
1.313480e+05 
1.313660e+05 
1.313670e+05 
1.313680e+05 
1.313800e+05 
1.313810e+05 
1.313830e+05 
1.313880e+05 
1.313890e+05 
1.313910e+05 
1.314150e+05 
1.314180e+05 
1.314520e+05 
1.314720e+05 
1.314940e+05 
1.314980e+05 
1.315100e+05 
1.315130e+05 
1.315170e+05 
1.315230e+05 
1.315250e+05 
1.315270e+05 
1.315350e+05 
1.315360e+05 
1.315380e+05 
1.315450e+05 
1.315470e+05 
1.315550e+05 
1.315680e+05 
1.315880e+05 
1.316020e+05 
1.316160e+05 
1.316230e+05 
1.316270e+05 
1.316290e+05 
1.316760e+05 
1.317090e+05 
1.317170e+05 
1.317220e+05 
1.317310e+05 
1.317340e+05 
1.317380e+05 
1.317460e+05 
1.317510e+05 
1.317630e+05 
1.317660e+05 
1.317670e+05 
1.317800e+05 
1.317830e+05 
1.317910e+05 
1.317950e+05 
1.317990e+05 
1.318200e+05 
1.318350e+05 
1.318370e+05 
1.318380e+05 
1.318520e+05 
1.318530e+05 
1.318830e+05 
1.319000e+05 
1.319570e+05 
1.319700e+05 
1.319830e+05 
1.319850e+05 
1.319860e+05 
1.319900e+05 
1.319920e+05 
1.319960e+05 
1.320050e+05 
1.320130e+05 
1.320270e+05 
1.320280e+05 
1.320430e+05 
1.320440e+05 
1.320780e+05 
1.320820e+05 
1.321250e+05 
1.321320e+05 
1.321760e+05 
1.321790e+05 
1.322210e+05 
1.322990e+05 
1.323020e+05 
1.323260e+05 
1.323270e+05 
1.323280e+05 
1.323390e+05 
1.323810e+05 
1.323930e+05 
1.324020e+05 
1.324880e+05 
1.324920e+05 
1.324940e+05 
1.324990e+05 
1.325080e+05 
1.325140e+05 
1.325290e+05 
1.325420e+05 
1.325470e+05 
1.325580e+05 
1.325810e+05 
1.326090e+05 
1.327230e+05 
1.327320e+05 
1.327380e+05 
1.327400e+05 
1.327410e+05 
1.327580e+05 
1.327680e+05 
1.327750e+05 
1.327860e+05 
1.327910e+05 
1.327940e+05 
1.327950e+05 
1.328030e+05 
1.328260e+05 
1.328650e+05 
1.328740e+05 
1.329090e+05 
1.329430e+05 
1.329480e+05 
1.329570e+05 
1.329600e+05 
1.330010e+05 
1.330180e+05 
1.330310e+05 
1.330390e+05 
1.330580e+05 
1.330760e+05 
1.331090e+05 
1.331130e+05 
1.331140e+05 
1.331150e+05 
1.331270e+05 
1.331340e+05 
1.331640e+05 
1.331690e+05 
1.331710e+05 
1.331790e+05 
1.332220e+05 
1.332270e+05 
1.332500e+05 
1.332550e+05 
1.332620e+05 
1.332780e+05 
1.332800e+05 
1.332860e+05 
1.332880e+05 
1.332890e+05 
1.332910e+05 
1.333400e+05 
1.333610e+05 
1.333990e+05 
1.334310e+05 
1.334370e+05 
1.334570e+05 
1.334610e+05 
1.334660e+05 
1.334790e+05 
1.334830e+05 
1.334890e+05 
1.335140e+05 
1.335560e+05 
1.335630e+05 
1.335790e+05 
1.335860e+05 
1.335880e+05 
1.335890e+05 
1.336260e+05 
1.336270e+05 
1.336280e+05 
1.336300e+05 
1.336360e+05 
1.336380e+05 
1.336390e+05 
1.336540e+05 
1.336560e+05 
1.336670e+05 
1.336800e+05 
1.336810e+05 
1.336820e+05 
1.336880e+05 
1.336920e+05 
1.336940e+05 
1.336990e+05 
1.337020e+05 
1.337060e+05 
1.337080e+05 
1.337180e+05 
1.337200e+05 
1.337210e+05 
1.337240e+05 
1.337270e+05 
1.337290e+05 
1.337430e+05 
1.337500e+05 
1.337510e+05 
1.337560e+05 
1.337770e+05 
1.337810e+05 
1.337900e+05 
1.338010e+05 
1.338130e+05 
1.338470e+05 
1.338520e+05 
1.338880e+05 
1.338890e+05 
1.338900e+05 
1.339200e+05 
1.339260e+05 
1.339280e+05 
1.339440e+05 
1.339510e+05 
1.339690e+05 
1.339740e+05 
1.339770e+05 
1.339830e+05 
1.339840e+05 
1.339930e+05 
1.340150e+05 
1.340200e+05 
1.340450e+05 
1.340970e+05 
1.340980e+05 
1.341290e+05 
1.341420e+05 
1.341450e+05 
1.341470e+05 
1.341480e+05 
1.341610e+05 
1.341700e+05 
1.341960e+05 
1.342040e+05 
1.342050e+05 
1.342060e+05 
1.342240e+05 
1.342350e+05 
1.342780e+05 
1.342850e+05 
1.342860e+05 
1.342880e+05 
1.343060e+05 
1.343090e+05 
1.343180e+05 
1.343640e+05 
1.343670e+05 
1.343690e+05 
1.344000e+05 
1.344070e+05 
1.344080e+05 
1.344120e+05 
1.344310e+05 
1.344390e+05 
1.344480e+05 
1.344490e+05 
1.344510e+05 
1.345230e+05 
1.345640e+05 
1.345690e+05 
1.345750e+05 
1.345770e+05 
1.345830e+05 
1.346120e+05 
1.346160e+05 
1.346280e+05 
1.346320e+05 
1.346370e+05 
1.346380e+05 
1.346630e+05 
1.346670e+05 
1.346750e+05 
1.346790e+05 
1.346850e+05 
1.346920e+05 
1.347540e+05 
1.347580e+05 
1.347590e+05 
1.347620e+05 
1.347720e+05 
1.347880e+05 
1.347970e+05 
1.347980e+05 
1.348070e+05 
1.348080e+05 
1.348090e+05 
1.348870e+05 
1.348890e+05 
1.349400e+05 
1.349420e+05 
1.349510e+05 
1.349520e+05 
1.349530e+05 
1.349600e+05 
1.349630e+05 
1.349650e+05 
1.349760e+05 
1.349830e+05 
1.350000e+05 
1.350150e+05 
1.350260e+05 
1.350500e+05 
1.350560e+05 
1.350720e+05 
1.350930e+05 
1.351320e+05 
1.351390e+05 
1.352500e+05 
1.353060e+05 
1.353230e+05 
1.353970e+05 
1.354660e+05 
1.354890e+05 
1.354950e+05 
1.355770e+05 
1.356050e+05 
1.356550e+05 
1.356600e+05 
1.356680e+05 
1.357090e+05 
1.357230e+05 
1.358100e+05 
1.358400e+05 
1.359790e+05 
1.361000e+05 
1.361070e+05 
1.361350e+05 
1.361390e+05 
1.361610e+05 
1.363380e+05 
1.365240e+05 
1.365280e+05 
1.366400e+05 
1.366420e+05 
1.370060e+05 
1.371670e+05 
