130033   505.4145 
130047   65.7849 
130067  -84.6139 
130072   106.919 
130086  -13.735  
130104  -293.7788 
130139  -139.941 
130144  -224.61  
130165   880.0529 
130219   138.2308 
130289   257.0273 
130347  -25.5117 
130353   431.6914 
130391   94.9912 
130435   504.3929 
130441  -431.1248 
130443   380.921 
130444   381.5065 
130486   148.5177 
130499  -72.0575 
130516  -344.8005 
130525  -18.5351 
130544   426.2058 
130556   46.6166 
130591  -138.3765 
130601   21.0974 
130602   295.3202 
130603   112.9438 
130604   101.2646 
130606   708.0782 
130670   88.9992 
130683   539.2923 
130685  -41.0078 
130686  -57.4636 
130737  -416.2034 
130741   399.8638 
130755  -218.8052 
130786  -73.207  
130812   113.8989 
130846   146.1801 
130849   243.4074 
130857   39.9109 
130858  -33.8526 
130859  -105.9833 
130875  -127.1788 
130900   98.0464 
130904   111.1347 
130906   55.0785 
130937   18.1956 
130976   522.194 
130982  -86.7461 
130984  -156.9098 
131012  -222.91  
131078   54.2174 
131082  -23.4752 
131150   22.9142 
131151   11.4253 
131160   19.964  
131187   68.1955 
131188   80.0948 
131204   9.8798  
131207   27.2363 
131218   114.0705 
131234  -210.5811 
131252  -5.5107  
131339  -57.1566 
131348   12.3477 
131366   19.3425 
131367   19.3516 
131368  -28.3129 
131380   536.5867 
131381   453.6389 
131383   98.4845 
131388   4.7995  
131389   4.7525  
131391  -22.5883 
131415   75.4139 
131418   27.9751 
131452   33.3874 
131472   17.5675 
131494   9.778   
131498  -44.708  
131510  -223.9086 
131513   529.9599 
131517   458.6537 
131523   463.6157 
131525   404.4147 
131527   479.0691 
131535   14.9726 
131536   95.3833 
131538   144.6986 
131545   40.9821 
131547   51.7818 
131555  -308.0315 
131568   323.8028 
131588  -53.4532 
131602   432.5284 
131616  -241.6163 
131623   592.2189 
131627   70.2367 
131629   368.2335 
131676   28.9197 
131709   18.0374 
131717   447.3712 
131722  -300.4411 
131731  -62.3755 
131734  -211.3554 
131738   187.4342 
131746   385.1913 
131751   384.7595 
131763  -146.9302 
131766   81.5768 
131767   30.7489 
131780  -21.913  
131783  -14.5633 
131791   10.2089 
131795  -157.3562 
131799  -193.6492 
131820  -33.816  
131835   51.2467 
131837   8.6844  
131838   8.0202  
131852   21.1952 
131853  -106.5084 
131883   41.8934 
131900  -32.1944 
131957  -8.0742  
131970   15.1435 
131983   40.0412 
131985  -42.3286 
131986  -13.7554 
131990   149.7722 
131992   33.6502 
131996   19.8002 
132005   203.2526 
132013   398.8616 
132027   32.2695 
132028   348.5045 
132043   78.8023 
132044  -242.2982 
132078   82.9499 
132082  -228.7019 
132125   89.3505 
132132   181.895 
132176  -7.7475  
132179   17.0942 
132221  -51.8374 
132299  -215.2041 
132302   370.4568 
132326  -258.8889 
132327  -220.356 
132328   174.1726 
132339   430.3724 
132381   15.597  
132393   369.4672 
132402   84.0553 
132488   346.1082 
132492  -353.4967 
132494   528.5427 
132499   224.8551 
132508   858.1097 
132514  -102.0798 
132529  -37.262  
132542   9.0522  
132547   11.9847 
132558  -4.7835  
132581  -213.2822 
132609   452.1299 
132723   175.8924 
132732   139.2149 
132738   37.5361 
132740   222.3137 
132741   61.4431 
132758   40.3416 
132768   21.6794 
132775   9.2049  
132786   43.4717 
132791   34.8252 
132794   15.3418 
132795   20.4469 
132803  -488.223 
132826  -210.5251 
132865   5.812   
132874  -107.2109 
132909   6.3973  
132943   120.2811 
132948   639.2428 
132957  -1.4324  
132960   52.4903 
133001   164.7111 
133018  -230.678 
133031   27.584  
133039   48.2327 
133058  -302.0901 
133076   28.7303 
133109  -200.1387 
133113   274.5863 
133114   205.0303 
133115   479.9635 
133127  -13.8217 
133134   12.3649 
133164   22.7851 
133169  -276.2248 
133171  -386.9377 
133179  -431.5631 
133222  -162.9766 
133227   176.8519 
133250   566.5991 
133255   22.809  
133262   526.3758 
133278   5.7409  
133280  -2.4584  
133286   117.9995 
133288   371.3869 
133289   334.8082 
133291   217.5397 
133340   67.5047 
133361   13.6789 
133399   1.2326  
133431   200.2684 
133437   502.521 
133457  -433.2458 
133461  -371.2104 
133466   327.1644 
133479   530.3791 
133483   567.6486 
133489   23.1256 
133514  -237.2095 
133556   29.8869 
133563   534.7633 
133579   30.3058 
133586  -474.7714 
133588  -350.782 
133589  -193.1163 
133626   18.0331 
133627   2.5582  
133628  -237.3075 
133630  -225.2534 
133636  -359.8298 
133638   61.4728 
133639   369.4659 
133654  -222.1024 
133656   291.9256 
133667   5.4479  
133680   705.4496 
133681   710.346 
133682  -254.0463 
133688   10.5738 
133692  -407.7088 
133694   63.7293 
133699   28.5141 
133702   536.289 
133706   7.9863  
133708   10.8739 
133718   203.5174 
133720   49.5722 
133721   34.5119 
133724  -4.1076  
133727   38.3764 
133729   64.1433 
133743   530.5115 
133750   450.7751 
133751   119.1481 
133756   382.4007 
133777   59.6749 
133781   407.0089 
133790  -16.771  
133801  -39.8164 
133813   26.6938 
133847  -101.7522 
133852  -47.7352 
133888   592.338 
133889   555.3734 
133890  -257.3199 
133920   174.1644 
133926   518.7279 
133928   37.4863 
133944   29.0973 
133951   28.2729 
133969  -121.1446 
133974  -212.6459 
133977  -299.8711 
133983  -308.8371 
133984  -317.6529 
133993   39.5346 
134015   1.7687  
134020  -12.5979 
134045   127.052 
134097   15.1896 
134098  -416.6107 
134129  -108.6435 
134142  -225.2487 
134145  -328.2285 
134147   31.479  
134148  -16.2462 
134161  -45.0446 
134170   38.4126 
134196   251.2152 
134204   685.3621 
134205   261.6635 
134206   175.8654 
134224   47.8476 
134235   6.3819  
134278   465.2921 
134285   98.7656 
134286   142.2024 
134288   63.7294 
134306   6.6412  
134309   149.3937 
134318   0.9501  
134364   616.1231 
134367   482.4049 
134369  -466.0433 
134400   485.4381 
134407   457.0331 
134408   325.0923 
134412   877.9375 
134431  -4.4728  
134439   12.2009 
134448   37.3453 
134449   17.72   
134451   23.0394 
134523   2.3286  
134564   499.5171 
134569   565.2728 
134575  -110.7963 
134577   12.147  
134583   457.5367 
134612   135.012 
134616   87.4006 
134628  -18.8416 
134632  -5.4273  
134637   65.3046 
134638   10.6101 
134663  -25.6686 
134667  -24.5564 
134675   91.0197 
134679   424.8653 
134685  -34.9721 
134692   5.3713  
134754   343.8215 
134758  -20.6662 
134759  -22.0751 
134762   54.3828 
134772   100.9493 
134788   393.7278 
134797   128.5603 
134798   128.9023 
134807  -38.7646 
134808   2.4628  
134809  -36.6933 
134887   344.9253 
134889   10.4869 
134940  -66.9861 
134942  -39.0484 
134951   25.6116 
134952   20.7131 
134953   67.1775 
134960  -0.20021 
134963   5.5958  
134965   185.9433 
134976   595.096 
134983   552.217 
135000  -8.5912  
135015  -43.3921 
135026  -40.7063 
135050  -221.0179 
135056   419.6506 
135072  -212.7356 
135093   119.802 
135132   49.2116 
135139  -41.1118 
135250  -195.1395 
135306  -140.7793 
135323   86.6539 
135397   389.3608 
135466   55.6156 
135489   481.7733 
135495   689.5627 
135577   60.7836 
135605   538.3461 
135655  -290.6779 
135660   359.9663 
135668   74.1719 
135709   381.1133 
135723   58.5716 
135810   51.7394 
135840  -60.8714 
135979  -91.1749 
136100   327.0908 
136107  -69.847  
136135   61.6194 
136139   178.7699 
136161  -345.651 
136338   741.3301 
136524   679.4601 
136528   295.3145 
136640  -89.1804 
136642  -132.3988 
137006   390.4526 
137167   10.238  
110008   857.6463 
110020   226.5308 
110058   497.8913 
110070   653.2909 
110083  -306.3382 
110149   713.4677 
110157  -706.5819 
110191  -1126.935 
110530  -666.6527 
110576  -188.9348 
110688   88.2538 
110697   187.842 
110837   445.4751 
110919  -2960.311 
110923  -1554.647 
111156  -17279.95 
111202   869.7068 
111203   1035.226 
111228   794.5675 
111317  -17056.66 
111319  -2269.224 
111429   2557.641 
111485   3628.407 
111488   181.4536 
111491  -1148.231 
111661   24.9133 
111679  -2895.19 
111706   5995.309 
111742  -1204.102 
111906   433.9873 
111907  -445.1474 
111909   3490.058 
111969  -197.6474 
111983  -7070.644 
112235  -2486.646 
112243   226.7039 
112392   969.9599 
112408   48.4367 
112445  -1370.686 
112454   645.6097 
112464   2068.947 
112512   2233.859 
112520   655.4388 
112618   115.6057 
112641   153.1172 
112738   6114.119 
113084  -186.3995 
113282   2740.165 
113301   230.0756 
113308  -1559.393 
113320  -150.3248 
113750   229.796 
113774   163.5761 
113796   430.7897 
114211   5119.621 
114216  -1242.379 
114223   459.0356 
114238   1012.804 
114242  -754.7259 
114279  -22705.77 
114600  -3230.784 
114603  -7870.387 
114611  -418.251 
114783   1155.218 
114787  -583.5499 
114948  -5470.775 
114949   1005.248 
114957   384.8162 
114986  -39329.38 
115326   632.9622 
115337   793.6381 
115356   329.8031 
115631  -533.274 
115834  -502.5163 
115835  -3478.254 
115879  -6471.052 
115985  -403.6754 
115999  -226.9793 
116005   292.172 
116009  -15665.07 
116044  -12395.94 
116207   635.0823 
116221   449.533 
116332   532.7515 
116337   257.7757 
116378  -9964.383 
116437   273.9955 
116438   967.5754 
116441   439.747 
116442   5043.464 
116596   5090.396 
116818   8370.521 
116921  -864.3509 
116933   744.1456 
117188   5685.896 
117196   267.3581 
117197   102.0029 
117200   703.4569 
117201   726.1298 
117432   1270.398 
117437   539.8402 
117445   911.2833 
117448   12677.6 
117454   6277.54 
117636  -284.7499 
117663   28.6535 
117664   32.0966 
117666   225.0117 
117682   6058.323 
117884  -7692.232 
117889  -17495.91 
118193  -899.7226 
118194   40.426  
118385   5042.846 
118430   83.8802 
118449   4105.538 
118613   104.8756 
118615  -1702.576 
118653   2048.786 
118923  -563.4838 
118974   1075.696 
119071   367.2572 
119774  -1498.07 
119816   452.9359 
119839   264.5777 
119899   6418.243 
120205   6704.644 
120238   277.5538 
120573  -387.6103 
