130033   203.7424 
130047  -25.4378 
130067   29.579  
130072   69.6529 
130086   1.4012  
130104   6.714   
130139   87.0372 
130144   136.282 
130165  -74.4455 
130219   208.1848 
130289   261.4324 
130347  -5.9866  
130353   165.4497 
130391   31.1492 
130435   153.68  
130441  -41.2826 
130443   113.1566 
130444   97.9281 
130486   116.0817 
130499  -8.5105  
130516  -63.4749 
130525   3.0766  
130544   155.045 
130556   28.0677 
130591   96.6894 
130601  -123.0243 
130602  -88.0028 
130603  -79.7471 
130604  -50.5561 
130606   139.321 
130670   45.2064 
130683   8.3372  
130685   11.9516 
130686  -7.6318  
130737   29.4805 
130741   171.2238 
130755  -321.7023 
130786   216.3875 
130812   19.4781 
130846  -43.7899 
130849   272.2346 
130857  -2.2209  
130858   16.2448 
130859   3.8216  
130875  -1.9856  
130900  -82.7433 
130904   22.706  
130906  -29.8477 
130937   13.171  
130976  -131.5055 
130982  -12.9484 
130984  -29.5484 
131012   129.9535 
131078  -9.2567  
131082   36.0522 
131150   28.8747 
131151   48.9873 
131160   6.556   
131187  -1.5568  
131188   65.0408 
131204  -8.9017  
131207   8.4019  
131218  -23.6007 
131234   20.9179 
131252  -13.1808 
131339   178.4464 
131348  -2.4145  
131366  -14.3682 
131367   0.29544 
131368  -4.7776  
131380  -265.1807 
131381   130.7621 
131383  -73.2978 
131388   6.6611  
131389   24.4929 
131391   40.3591 
131415  -19.3024 
131418   10.3942 
131452   81.7383 
131472  -5.5975  
131494  -13.032  
131498  -8.8016  
131510   101.0633 
131513   73.8344 
131517   163.7228 
131523   76.219  
131525   93.8981 
131527   66.8501 
131535  -38.841  
131536  -30.0886 
131538   3.3416  
131545  -1.1518  
131547  -44.0493 
131555   9.2128  
131568   281.1849 
131588   9.8376  
131602   319.6622 
131616   24.5356 
131623   12.0527 
131627   220.1441 
131629   43.254  
131676   214.9258 
131709   4.1279  
131717   288.8018 
131722   7.7845  
131731  -322.2787 
131734   28.1868 
131738   245.8662 
131746   261.9104 
131751   256.9426 
131763  -323.8855 
131766   9.0544  
131767   14.0855 
131780   16.7045 
131783  -10.8085 
131791   9.6835  
131795  -16.805  
131799   23.7433 
131820  -2.9627  
131835  -14.2667 
131837  -8.1988  
131838  -21.5041 
131852  -3.2395  
131853  -325.5525 
131883  -16.7718 
131900  -24.3283 
131957   49.8239 
131970  -10.4215 
131983   91.1971 
131985   42.6081 
131986  -12.8189 
131990   142.492 
131992   150.6992 
131996  -11.2147 
132005   230.2842 
132013   176.9792 
132027   12.9915 
132028   115.5089 
132043   205.7727 
132044   19.9516 
132078   132.6003 
132082   234.135 
132125   42.4257 
132132   183.0399 
132176  -5.9819  
132179   0.92286 
132221   60.507  
132299  -11.4349 
132302   216.8937 
132326  -63.9972 
132327   6.2595  
132328  -62.1678 
132339   138.4741 
132381   35.269  
132393   255.7789 
132402   34.3351 
132488   292.4258 
132492  -8.0724  
132494   364.0727 
132499   290.9812 
132508   285.9735 
132514  -23.1397 
132529  -28.3445 
132542  -5.6671  
132547   3.2717  
132558   22.5559 
132581  -92.4804 
132609   277.0219 
132723   85.8226 
132732   281.6537 
132738   54.427  
132740   123.6786 
132741   104.7816 
132758  -4.1703  
132768  -13.8889 
132775  -3.4946  
132786  -0.128   
132791  -24.9059 
132794   17.2333 
132795  -3.2812  
132803  -242.1941 
132826   38.9586 
132865  -3.6132  
132874  -7.6341  
132909  -8.9126  
132943   59.3688 
132948  -84.464  
132957   128.0842 
132960   189.3231 
133001   126.234 
133018  -40.0007 
133031  -2.8803  
133039   22.4739 
133058   1.2169  
133076  -17.298  
133109  -81.6949 
133113  -18.332  
133114  -11.2333 
133115  -105.2071 
133127  -13.3027 
133134  -1.5547  
133164  -3.5254  
133169  -56.7499 
133171  -36.3524 
133179   28.7893 
133222   43.245  
133227   103.9421 
133250   241.5906 
133255   78.1175 
133262   124.8207 
133278   0.62715 
133280  -8.7634  
133286  -151.5444 
133288  -39.9431 
133289  -20.576  
133291  -196.5498 
133340   56.6136 
133361   6.1373  
133399  -30.9388 
133431  -316.5591 
133437   109.4844 
133457   25.1893 
133461  -26.1533 
133466   220.3841 
133479   250.6583 
133483  -18.3042 
133489   17.0821 
133514   27.7742 
133556   26.0476 
133563   268.3408 
133579   27.6059 
133586   207.5296 
133588  -12.9826 
133589   17.2521 
133626  -7.8071  
133627  -41.5471 
133628   17.0465 
133630  -0.50173 
133636  -192.8014 
133638   23.9315 
133639  -308.5514 
133654   8.8051  
133656  -262.5039 
133667   20.1571 
133680   55.7528 
133681  -29.1568 
133682   22.421  
133688   130.8786 
133692  -252.783 
133694   13.2457 
133699   18.9022 
133702  -39.1475 
133706   13.9355 
133708   1.306   
133718   52.8426 
133720   37.8387 
133721  -14.249  
133724   38.4678 
133727   38.4012 
133729   4.1867  
133743   149.0568 
133750   174.7543 
133751  -171.7683 
133756   117.2894 
133777  -202.269 
133781   106.4777 
133790   1.7444  
133801   25.7526 
133813   5.6221  
133847   13.5124 
133852  -7.9634  
133888   43.8949 
133889  -40.4842 
133890  -183.5719 
133920   104.8355 
133926   61.831  
133928   37.1624 
133944   30.7136 
133951   1.4092  
133969   46.9522 
133974   37.6268 
133977  -58.3729 
133983  -175.6061 
133984  -73.7686 
133993  -60.9398 
134015  -28.4866 
134020   5.8025  
134045  -22.2167 
134097  -9.4462  
134098  -192.2258 
134129  -14.3202 
134142   20.9634 
134145   7.1049  
134147   21.2076 
134148   27.2878 
134161  -8.3267  
134170   31.7369 
134196  -206.18  
134204  -238.7895 
134205  -345.5866 
134206  -132.2725 
134224  -90.9719 
134235  -27.5389 
134278   244.2509 
134285   48.0404 
134286   47.0241 
134288   63.9664 
134306  -40.3095 
134309  -6.7086  
134318  -9.4063  
134364   283.2615 
134367   207.9396 
134369  -70.2735 
134400   217.8819 
134407   98.6506 
134408   229.8957 
134412  -280.7963 
134431  -15.4989 
134439   188.2218 
134448  -27.9054 
134449   7.6578  
134451  -29.0221 
134523   12.0221 
134564   290.8287 
134569   85.4    
134575  -28.3864 
134577   23.5088 
134583   143.1129 
134612   22.6076 
134616  -18.7815 
134628  -47.0032 
134632   24.2276 
134637  -6.3812  
134638  -14.975  
134663  -3.0214  
134667  -12.2404 
134675   63.6271 
134679   264.0537 
134685  -16.2452 
134692   6.9686  
134754   264.9603 
134758  -123.9795 
134759  -129.17  
134762   42.6529 
134772  -8.4113  
134788   150.2917 
134797  -14.0893 
134798  -29.0648 
134807   23.2233 
134808   19.4284 
134809   6.7929  
134887   277.9971 
134889  -5.145   
134940   9.4521  
134942   25.3868 
134951  -0.010327 
134952   9.1668  
134953  -28.465  
134960   36.7295 
134963   21.0055 
134965  -50.2247 
134976   8.7801  
134983   11.5453 
135000  -12.6009 
135015   163.0609 
135026   62.9467 
135050   17.1727 
135056   187.0929 
135072   45.5325 
135093  -37.619  
135132   29.7461 
135139   53.2104 
135250   15.7534 
135306  -68.009  
135323   53.4171 
135397   122.3342 
135466   19.7573 
135489   87.8185 
135495   33.1729 
135577  -15.8937 
135605   134.5505 
135655  -60.1067 
135660   5.4882  
135668   56.7753 
135709   265.4451 
135723   62.5319 
135810   59.3424 
135840  -11.5404 
135979   27.5898 
136100   111.3131 
136107   45.5274 
136135   73.5342 
136139   131.51  
136161  -20.3449 
136338  -173.8396 
136524  -22.1597 
136528  -163.104 
136640  -26.7593 
136642  -24.271  
137006   218.5301 
137167  -29.5591 
110008  -954.9259 
110020  -108.8946 
110058  -594.8285 
110070  -73.3513 
110083   256.4307 
110149  -120.5511 
110157   1243.494 
110191   815.5545 
110530   4.8749  
110576   269.1073 
110688  -638.9578 
110697  -522.975 
110837  -243.388 
110919  -680.2451 
110923   156.4615 
111156  -1954.688 
111202   775.4672 
111203   1464.292 
111228  -468.4938 
111317  -11507.56 
111319  -420.0972 
111429   1584.525 
111485   2758.648 
111488   3330.425 
111491   1.2716  
111661  -41.1223 
111679   3925.288 
111706  -2348.394 
111742   583.1975 
111906  -71.942  
111907  -90.0295 
111909  -2790.324 
111969  -211.2504 
111983  -4881.143 
112235  -1092.132 
112243   104.6336 
112392   968.5198 
112408   41.6638 
112445  -1066.602 
112454  -92.0639 
112464   18.2149 
112512  -580.8693 
112520   417.5447 
112618   116.1016 
112641   26.9059 
112738   2550.541 
113084   182.7251 
113282  -3045.98 
113301  -70.0135 
113308  -355.7733 
113320  -27.5621 
113750   77.2379 
113774   744.3083 
113796  -18.9604 
114211   3554.875 
114216   913.5121 
114223   250.1531 
114238  -213.0794 
114242  -5891.339 
114279   7748.182 
114600  -1319.196 
114603  -6784.091 
114611   355.03  
114783  -46.8117 
114787   115.3077 
114948  -6534.68 
114949  -3640.645 
114957   150.9816 
114986  -1580.751 
115326  -372.134 
115337  -503.3414 
115356  -250.5706 
115631  -691.6292 
115834  -25.5389 
115835  -593.064 
115879   932.6269 
115985  -340.9142 
115999  -203.823 
116005   810.5676 
116009   8283.402 
116044  -3048.046 
116207   413.3669 
116221  -283.2277 
116332  -279.8619 
116337  -4038.269 
116378  -3098.011 
116437   114.4652 
116438   530.8042 
116441   450.385 
116442  -7828.337 
116596  -491.7024 
116818   5295.092 
116921  -6461.234 
116933   264.2215 
117188  -66.0229 
117196  -1039.395 
117197  -260.9235 
117200   5.2698  
117201  -272.145 
117432  -392.3162 
117437  -253.2983 
117445   1154.144 
117448  -1670.637 
117454   108.0413 
117636   238.6114 
117663  -86.0337 
117664  -99.6398 
117666   787.8717 
117682  -1184.14 
117884  -9737.701 
117889  -8189.461 
118193   1451.84 
118194   411.2683 
118385   3575.681 
118430   1152.223 
118449  -13.2375 
118613   3803.461 
118615   2902.391 
118653   1125.689 
118923   680.9944 
118974  -570.1896 
119071  -141.0665 
119774   145.8666 
119816  -769.1356 
119839   389.6536 
119899   7084.151 
120205  -3392.478 
120238   356.8602 
120573   375.2709 
