130033   45.0267 
130047   7.5556  
130067   62.1412 
130072   9.6651  
130086   3.5732  
130104   53.072  
130139   37.073  
130144   38.8449 
130165   138.3504 
130219   28.8421 
130289   11.4065 
130347   5.6582  
130353   5.478   
130391   15.0926 
130435   13.2931 
130441   11.0054 
130443   7.4295  
130444   7.6265  
130486   23.0721 
130499   67.0577 
130516   10.9832 
130525   5.9815  
130544   3.472   
130556   10.5498 
130591   37.99   
130601   35.3235 
130602   21.7262 
130603   9.2912  
130604   6.9806  
130606   27.9251 
130670   7.8     
130683   126.717 
130685   35.0201 
130686   51.8256 
130737   93.205  
130741   32.6584 
130755   75.0113 
130786   132.1944 
130812   381.9719 
130846   32.2646 
130849   101.4804 
130857   11.4485 
130858   19.5885 
130859   41.0314 
130875   93.0728 
130900   10.3517 
130904   24.5168 
130906   27.56   
130937   33.2675 
130976   48.5921 
130982   71.0983 
130984   80.042  
131012   38.2286 
131078   13.3734 
131082   68.3043 
131150   11.203  
131151   5.2398  
131160   3.5963  
131187   7.753   
131188   24.5219 
131204   33.4061 
131207   37.0082 
131218   7.819   
131234   19.6635 
131252   0.90383 
131339   23.3513 
131348   2.3205  
131366   3.2212  
131367   5.2343  
131368   7.3294  
131380   244.2502 
131381   11.486  
131383   14.3004 
131388   101.5751 
131389   22.0103 
131391   26.4677 
131415   68.1741 
131418   10.0686 
131452   9.2304  
131472   2.3392  
131494   2.4012  
131498   7.5158  
131510   108.5369 
131513   19.8278 
131517   12.3078 
131523   13.5882 
131525   13.5459 
131527   20.4566 
131535   2.7566  
131536   5.5645  
131538   16.1478 
131545   31.32   
131547   3.2131  
131555   62.1152 
131568   3.1367  
131588   35.9025 
131602   154.7459 
131616   43.8567 
131623   88.2133 
131627   16.9352 
131629   59.582  
131676   17.7025 
131709   5.0776  
131717   9.9109  
131722   51.7223 
131731   99.302  
131734   11.7492 
131738   8.5647  
131746   7.5169  
131751   72.5707 
131763   99.8328 
131766   21.5982 
131767   11.9376 
131780   15.5572 
131783   34.2067 
131791   35.2841 
131795   95.5588 
131799   13.6987 
131820   20.2515 
131835   2.5728  
131837   5.7257  
131838   2.0548  
131852   3.3732  
131853   72.531  
131883   6.5324  
131900   31.3873 
131957   7.2328  
131970   61.9585 
131983   26.0818 
131985   10.7408 
131986   8.9565  
131990   65.0963 
131992   153.5399 
131996   2.3898  
132005   102.6242 
132013   5.3825  
132027   2.7084  
132028   19.957  
132043   17.0658 
132044   29.338  
132078   12.0738 
132082   30.7589 
132125   10.2323 
132132   18.1502 
132176   5.8006  
132179   2.5914  
132221   21.3756 
132299   17.9082 
132302   6.7994  
132326   58.1475 
132327   26.5549 
132328   24.3616 
132339   8.5037  
132381   2.9062  
132393   53.9451 
132402   27.1481 
132488   9.946   
132492   88.5523 
132494   142.2284 
132499   11.6951 
132508   59.4653 
132514   36.9713 
132529   33.7239 
132542   1.8757  
132547   1.6893  
132558   8.1547  
132581   7.8708  
132609   10.3916 
132723   107.8946 
132732   9.2859  
132738   31.1689 
132740   43.322  
132741   6.7232  
132758   2.5827  
132768   1.9679  
132775   1.4045  
132786   4.9672  
132791   7.7571  
132794   4.8026  
132795   4.144   
132803   148.885 
132826   14.1491 
132865   12.6324 
132874   84.4813 
132909   1.5701  
132943   2.8489  
132948   77.2812 
132957   23.9294 
132960   17.0591 
133001   14.7388 
133018   120.258 
133031   1.8499  
133039   1.9614  
133058   69.6181 
133076   2.0773  
133109   24.3805 
133113   40.5043 
133114   29.7143 
133115   79.3411 
133127   2.6012  
133134   6.8594  
133164   4.9959  
133169   57.2711 
133171   47.9483 
133179   100.2574 
133222   44.3603 
133227   48.7638 
133250   6.0683  
133255   3.5015  
133262   23.3899 
133278   18.255  
133280   19.8592 
133286   66.1291 
133288   58.3834 
133289   156.7936 
133291   190.343 
133340   3.6747  
133361   7.9484  
133399   7.4393  
133431   69.8519 
133437   24.4106 
133457   45.0956 
133461   87.409  
133466   39.9933 
133479   6.7229  
133483   141.2249 
133489   6.2605  
133514   44.182  
133556   12.0163 
133563   2.7548  
133579   13.9643 
133586   65.1133 
133588   114.276 
133589   21.8694 
133626   4.6286  
133627   10.536  
133628   29.9811 
133630   28.0333 
133636   79.8111 
133638   3.3082  
133639   82.5228 
133654   30.2594 
133656   69.2011 
133667   23.3507 
133680   47.2334 
133681   48.1344 
133682   33.6942 
133688   23.4048 
133692   142.5048 
133694   7.9794  
133699   4.2433  
133702   30.3565 
133706   20.7926 
133708   25.9987 
133718   13.6377 
133720   4.8873  
133721   12.0047 
133724   23.4716 
133727   5.4602  
133729   3.2209  
133743   27.4034 
133750   3.2183  
133751   142.4306 
133756   45.6265 
133777   39.6051 
133781   14.7161 
133790   28.8545 
133801   29.5925 
133813   13.9157 
133847   40.2028 
133852   10.383  
133888   37.7564 
133889   48.5412 
133890   75.2698 
133920   10.3028 
133926   106.1284 
133928   5.393   
133944   5.1982  
133951   3.8602  
133969   42.6346 
133974   44.4025 
133977   58.4051 
133983   76.9126 
133984   64.1979 
133993   30.9819 
134015   8.4069  
134020   7.3074  
134045   11.746  
134097   1.7655  
134098   81.6623 
134129   36.0467 
134142   20.9057 
134145   64.1219 
134147   13.7545 
134148   23.1448 
134161   121.6912 
134170   6.0926  
134196   72.834  
134204   73.269  
134205   103.9329 
134206   81.9844 
134224   107.6285 
134235   5.5029  
134278   2.4983  
134285   6.4089  
134286   7.0892  
134288   3.5551  
134306   1.7961  
134309   14.0724 
134318   16.9659 
134364   2.3433  
134367   7.5735  
134369   6.4327  
134400   2.5783  
134407   13.2697 
134408   6.5791  
134412   264.6131 
134431   21.9014 
134439   167.2905 
134448   3.7114  
134449   22.493  
134451   2.1166  
134523   11.4078 
134564   2.7687  
134569   21.8278 
134575   4.6678  
134577   25.0893 
134583   3.2907  
134612   38.51   
134616   12.7549 
134628   53.9588 
134632   9.7615  
134637   6.2127  
134638   1.4728  
134663   6.9936  
134667   47.3758 
134675   6.8182  
134679   65.3936 
134685   23.6767 
134692   3.7116  
134754   3.2953  
134758   3.0937  
134759   5.9787  
134762   5.5575  
134772   68.2081 
134788   8.6506  
134797   10.9356 
134798   9.5044  
134807   61.1437 
134808   22.9802 
134809   28.5693 
134887   7.4377  
134889   14.368  
134940   156.657 
134942   135.3373 
134951   13.884  
134952   6.0607  
134953   8.434   
134960   72.1786 
134963   63.9318 
134965   24.1545 
134976   34.6784 
134983   29.6429 
135000   4.0239  
135015   23.106  
135026   103.2747 
135050   11.282  
135056   3.4307  
135072   45.487  
135093   31.4482 
135132   2.9177  
135139   11.0196 
135250   19.8588 
135306   118.3946 
135323   79.9055 
135397   111.2233 
135466   3.1848  
135489   22.0915 
135495   33.282  
135577   6.5246  
135605   21.2143 
135655   55.5839 
135660   27.8991 
135668   12.3776 
135709   10.3925 
135723   4.2662  
135810   7.8213  
135840   54.7285 
135979   29.0223 
136100   16.4483 
136107   3.0898  
136135   3.539   
136139   8.9185  
136161   76.689  
136338   78.1117 
136524   105.2696 
136528   39.3379 
136640   84.9284 
136642   85.7514 
137006   1.8532  
137167   7.946   
