1.100080e+05 
1.100200e+05 
1.100580e+05 
1.100700e+05 
1.100830e+05 
1.101490e+05 
1.101570e+05 
1.101910e+05 
1.105300e+05 
1.105760e+05 
1.106880e+05 
1.106970e+05 
1.108370e+05 
1.109190e+05 
1.109230e+05 
1.111560e+05 
1.112020e+05 
1.112030e+05 
1.112280e+05 
1.113170e+05 
1.113190e+05 
1.114290e+05 
1.114850e+05 
1.114880e+05 
1.114910e+05 
1.116610e+05 
1.116790e+05 
1.117060e+05 
1.117420e+05 
1.119060e+05 
1.119070e+05 
1.119090e+05 
1.119690e+05 
1.119830e+05 
1.122350e+05 
1.122430e+05 
1.123920e+05 
1.124080e+05 
1.124450e+05 
1.124540e+05 
1.124640e+05 
1.125120e+05 
1.125200e+05 
1.126180e+05 
1.126410e+05 
1.127380e+05 
1.130840e+05 
1.132820e+05 
1.133010e+05 
1.133080e+05 
1.133200e+05 
1.137500e+05 
1.137740e+05 
1.137960e+05 
1.142110e+05 
1.142160e+05 
1.142230e+05 
1.142380e+05 
1.142420e+05 
1.142790e+05 
1.146000e+05 
1.146030e+05 
1.146110e+05 
1.147830e+05 
1.147870e+05 
1.149480e+05 
1.149490e+05 
1.149570e+05 
1.149860e+05 
1.153260e+05 
1.153370e+05 
1.153560e+05 
1.156310e+05 
1.158340e+05 
1.158350e+05 
1.158790e+05 
1.159850e+05 
1.159990e+05 
1.160050e+05 
1.160090e+05 
1.160440e+05 
1.162070e+05 
1.162210e+05 
1.163320e+05 
1.163370e+05 
1.163780e+05 
1.164370e+05 
1.164380e+05 
1.164410e+05 
1.164420e+05 
1.165960e+05 
1.168180e+05 
1.169210e+05 
1.169330e+05 
1.171880e+05 
1.171960e+05 
1.171970e+05 
1.172000e+05 
1.172010e+05 
1.174320e+05 
1.174370e+05 
1.174450e+05 
1.174480e+05 
1.174540e+05 
1.176360e+05 
1.176630e+05 
1.176640e+05 
1.176660e+05 
1.176820e+05 
1.178840e+05 
1.178890e+05 
1.181930e+05 
1.181940e+05 
1.183850e+05 
1.184300e+05 
1.184490e+05 
1.186130e+05 
1.186150e+05 
1.186530e+05 
1.189230e+05 
1.189740e+05 
1.190710e+05 
1.197740e+05 
1.198160e+05 
1.198390e+05 
1.198990e+05 
1.202050e+05 
1.202380e+05 
1.205730e+05 
