110008   1308.736 
110020   473.2808 
110058   2546.875 
110070   159.6777 
110083   100.3926 
110149   154.6796 
110157   313.3386 
110191   305.6749 
110530   890.5645 
110576   28.8789 
110688   987.4432 
110697   53.2281 
110837   54.7284 
110919   479.4494 
110923   701.9625 
111156   0        
111202   562.5135 
111203   599.3112 
111228   521.9332 
111317   317.9049 
111319   431.1455 
111429   3886.099 
111485   4057.946 
111488   4074.476 
111491   80.3124 
111661   70.0506 
111679   3618.361 
111706   2632.93 
111742   1367.381 
111906   831.4858 
111907   955.0824 
111909   2121.686 
111969   135.2709 
111983   101.0505 
112235   653.9463 
112243   964.5529 
112392   118.4826 
112408   288.8318 
112445   692.9216 
112454   2282.389 
112464   110.5646 
112512   412.5953 
112520   98.4949 
112618   26.7095 
112641   18.3406 
112738   9531.394 
113084   25.8252 
113282   0        
113301   59.4105 
113308   935.2142 
113320   66.6094 
113750   367.6203 
113774   360.475 
113796   94.0125 
114211   9554.989 
114216   352.8752 
114223   47.796  
114238   130.2576 
114242   2392.039 
114279   11752.92 
114600   947.4709 
114603   10829.58 
114611   20.3408 
114783   6.081   
114787   227.9485 
114948   2763.789 
114949   3253.412 
114957   43.2214 
114986   3444.211 
115326   0        
115337   57.4513 
115356   1430.504 
115631   3129.936 
115834   18.4045 
115835   0        
115879   20024.71 
115985   1060.633 
115999   333.7052 
116005   2727.047 
116009   0        
116044   4262.462 
116207   185.5615 
116221   73.028  
116332   791.4178 
116337   11460.19 
116378   0        
116437   0        
116438   233.9038 
116441   65.8504 
116442   8910.422 
116596   2070.415 
116818   12626.84 
116921   4445.838 
116933   500.3201 
117188   1659.819 
117196   196.7243 
117197   93.4486 
117200   0        
117201   0        
117432   0        
117437   106.6862 
117445   183.7373 
117448   3091.035 
117454   573.9877 
117636   83.7215 
117663   114.4304 
117664   123.1825 
117666   141.2586 
117682   802.2889 
117884   22439.98 
117889   0        
118193   523.4219 
118194   112.3474 
118385   1468.2  
118430   1440.967 
118449   478.7998 
118613   3612.315 
118615   1134.544 
118653   2140.273 
118923   116.1766 
118974   117.5687 
119071   1379.714 
119774   404.9456 
119816   1089.321 
119839   325.6481 
119899   0        
120205   5467.731 
120238   466.7764 
120573   109.6798 
